 255 255 255
 255 255 255
 255 255 255
 255 255 255
 255 255 255
 255 255 255
 255 255 255
 255 255 255
 255 255 255
 255 255 255
 255 255 255
 255 255 255
 255 255 255
 255 255 255
 255 255 255
 255 255 255
 255 255 255
 255 255 255
 255 255 255
 255 255 255
 255 255 255
 255 255 255
 255 255 255
 255 255 255
 255 255 255
 255 255 255
 255 255 255
 255 255 255
 255 255 255
 255 255 255
 255 255 255
 255 255 255
 255 255 255
 255 255 255
 255 255 255
 255 255 255
 255 255 255
 255 255 255
 255 255 255
 255 255 255
 255 255 255
 255 255 255
 255 255 255
 255 255 255
 255 255 255
 255 255 255
 255 255 255
 255 255 255
 255 255 255
 255 255 255
 255 255 255
 255 255 255
 255 255 255
 255 255 255
 255 255 255
 255 255 255
 255 255 255
 255 255 255
 255 255 255
 255 255 255
 255 255 255
 255 255 255
 255 255 255
 255 255 255
 255 255 255
 255 255 255
 255 255 255
 255 255 255
 255 255 255
 255 255 255
 255 255 255
 255 255 255
 255 255 255
 255 255 255
 255 255 255
 255 255 255
 255 255 255
 255 255 255
 255 255 255
 255 255 255
 255 255 255
 255 255 255
 255 255 255
 255 255 255
 255 255 255
 255 255 255
 255 255 255
 255 255 255
 255 255 255
 255 255 255
 255 255 255
 255 255 255
 255 255 255
 255 255 255
 255 255 255
 255 255 255
 255 255 255
 255 255 255
 255 254 247
 255 253 237
 255 252 226
 255 251 216
 255 250 205
 255 249 195
 255 248 184
 255 247 174
 255 246 164
 255 246 158
 255 245 148
 255 243 137
 255 242 127
 255 241 117
 255 240 106
 255 239  96
 255 238  85
 255 237  75
 255 236  64
 255 235  54
 255 234  43
 255 233  33
 255 232  23
 255 225  21
 255 216  22
 255 206  22
 255 197  23
 255 188  24
 255 178  25
 255 169  26
 255 160  27
 255 155  27
 255 146  28
 255 136  29
 255 127  30
 255 118  31
 255 108  31
 255  99  32
 254  92  33
 250  90  35
 247  88  37
 243  86  39
 240  85  41
 236  83  43
 232  81  45
 229  80  47
 225  78  49
 222  76  51
 218  75  53
 214  73  55
 211  71  57
 207  70  59
 205  69  60
 202  67  61
 198  65  63
 195  64  65
 191  62  67
 187  60  69
 184  59  71
 180  57  73
 177  55  75
 173  53  77
 169  52  79
 166  50  81
 162  48  83
 159  47  85
 155  45  87
 152  43  88
 148  42  90
 144  40  92
 141  38  94
 137  37  96
 134  35  98
 132  34  99
 128  32 101
 125  31 103
 121  29 105
 117  27 107
 114  26 109
 110  24 111
 107  22 113
 103  20 115
 102  20 115
 102  20 115
 102  20 115
 102  20 115
 102  20 115
 102  20 115
 102  20 115
 102  20 115
 102  20 115
 102  20 115
 102  20 115
 102  20 115
 102  20 115
 102  20 115
 102  20 115
 102  20 115
 102  20 115
 102  20 115
 102  20 115
 102  20 115
 102  20 115
 102  20 115
 102  20 115
 102  20 115
 102  20 115
 102  20 115
 102  20 115
 102  20 115
 102  20 115
 102  20 115
 102  20 115
 102  20 115
 102  20 115
 102  20 115
 102  20 115
 102  20 115
 102  20 115
 102  20 115
 102  20 115
 102  20 115
 102  20 115
 102  20 115
 102  20 115
 102  20 115
 102  20 115
 102  20 115
 102  20 115
 102  20 115
 102  20 115
 102  20 115
 102  20 115
 102  20 115
 102  20 115
 102  20 115
 102  20 115
 102  20 115
 102  20 115
 102  20 115
 102  20 115
 102  20 115
 102  20 115
 102  20 115
 102  20 115
 102  20 115
 102  20 115
 102  20 115
 102  20 115
 102  20 115
 102  20 115
 102  20 115
 102  20 115
 102  20 115
 102  20 115
 102  20 115
 102  20 115
